HLAExonName	A*01	A*02	A*32	B*07	B*15	C*01	C*08
A*01	1	0.9556	0.9556	0.8963	0.8926	0.8963	0.8889
A*02	0.9556	1	0.937	0.8926	0.8926	0.8963	0.8889
A*32	0.9556	0.937	1	0.8963	0.8926	0.8926	0.8852
B*07	0.8963	0.8926	0.8963	1	0.937	0.937	0.937
B*15	0.8926	0.8926	0.8926	0.937	1	0.8963	0.9111
C*01	0.8963	0.8963	0.8926	0.937	0.8963	1	0.9704
C*08	0.8889	0.8889	0.8852	0.937	0.9111	0.9704	1
